-11.5,0.0,-0.5
-11.25,0.0,-0.36
-11.0,0.0,-0.23
-10.75,0.0,-0.1
-10.5,0.0,0.02
-10.25,0.0,0.13
-10.0,0.0,0.24
-9.75,0.0,0.35
-9.5,0.0,0.46
-9.25,0.0,0.56
-9.0,0.0,0.66
-8.75,0.0,0.76
-8.5,0.0,0.85
-8.25,0.0,0.95
-8.0,0.0,1.03
-6.0,0.0,1.67
-4.0,0.0,2.17
-2.0,0.0,2.58
0.0,0.0,2.89
2.0,0.0,3.12
4.0,0.0,3.27
6.0,0.0,3.36
8.0,0.0,3.39
10.0,0.0,3.37
12.0,0.0,3.3
12.0,10.0,2.36
10.0,10.0,2.54
8.0,10.0,2.67
6.0,10.0,2.75
4.0,10.0,2.77
2.0,10.0,2.73
0.0,10.0,2.61
-2.0,10.0,2.42
-4.0,10.0,2.12
-6.0,10.0,1.73
-8.0,10.0,1.22
-8.25,10.0,1.15
-8.5,10.0,1.07
-8.75,10.0,0.99
-9.0,10.0,0.91
-9.25,10.0,0.83
-9.5,10.0,0.75
-9.75,10.0,0.65
-10.0,10.0,0.56
-10.25,10.0,0.46
-10.5,10.0,0.36
-10.75,10.0,0.27
-11.0,10.0,0.15
-11.25,10.0,0.04
-11.5,10.0,-0.09
-11.5,12.0,-0.05
-11.25,12.0,0.08
-11.0,12.0,0.19
-10.75,12.0,0.3
-10.5,12.0,0.39
-10.25,12.0,0.49
-10.0,12.0,0.58
-9.75,12.0,0.68
-9.5,12.0,0.77
-9.25,12.0,0.85
-9.0,12.0,0.92
-8.75,12.0,1.0
-8.5,12.0,1.08
-8.25,12.0,1.16
-8.0,12.0,1.22
-6.0,12.0,1.72
-4.0,12.0,2.09
-2.0,12.0,2.36
0.0,12.0,2.53
2.0,12.0,2.63
4.0,12.0,2.65
6.0,12.0,2.61
8.0,12.0,2.51
10.0,12.0,2.35
12.0,12.0,2.15
12.0,20.0,1.49
10.0,20.0,1.79
8.0,20.0,2.03
6.0,20.0,2.23
4.0,20.0,2.36
2.0,20.0,2.43
0.0,20.0,2.41
-2.0,20.0,2.31
-4.0,20.0,2.12
-6.0,20.0,1.83
-8.0,20.0,1.41
-8.25,20.0,1.35
-8.5,20.0,1.28
-8.75,20.0,1.21
-9.0,20.0,1.14
-9.25,20.0,1.07
-9.5,20.0,1.0
-9.75,20.0,0.92
-10.0,20.0,0.83
-10.25,20.0,0.74
-10.5,20.0,0.66
-10.75,20.0,0.57
-11.0,20.0,0.47
-11.25,20.0,0.36
-11.5,20.0,0.24
-11.5,30.0,0.45
-11.25,30.0,0.57
-11.0,30.0,0.6
-10.75,30.0,0.7
-10.5,30.0,0.86
-10.25,30.0,0.94
-10.0,30.0,1.02
-9.75,30.0,1.1
-9.5,30.0,1.18
-9.25,30.0,1.24
-9.0,30.0,1.3
-8.75,30.0,1.37
-8.5,30.0,1.43
-8.25,30.0,1.49
-8.0,30.0,1.54
-6.0,30.0,1.89
-4.0,30.0,2.11
-2.0,30.0,2.23
0.0,30.0,2.24
2.0,30.0,2.16
4.0,30.0,1.99
6.0,30.0,1.76
8.0,30.0,1.44
10.0,30.0,1.08
12.0,30.0,0.65
12.0,40.0,-0.11
10.0,40.0,0.44
8.0,40.0,0.93
6.0,40.0,1.35
4.0,40.0,1.69
2.0,40.0,1.95
0.0,40.0,2.11
-2.0,40.0,2.16
-4.0,40.0,2.11
-6.0,40.0,1.93
-8.0,40.0,1.62
-8.25,40.0,1.57
-8.5,40.0,1.51
-8.75,40.0,1.45
-9.0,40.0,1.39
-9.25,40.0,1.33
-9.5,40.0,1.27
-9.75,40.0,1.19
-10.0,40.0,1.11
-10.25,40.0,1.03
-10.5,40.0,0.95
-10.75,40.0,0.86
-11.0,40.0,0.76
-11.25,40.0,0.65
-11.5,40.0,0.52
-11.5,50.0,0.52
-11.25,50.0,0.65
-11.0,50.0,0.78
-10.75,50.0,0.89
-10.5,50.0,0.98
-10.25,50.0,1.06
-10.0,50.0,1.15
-9.75,50.0,1.23
-9.5,50.0,1.31
-9.25,50.0,1.38
-9.0,50.0,1.44
-8.75,50.0,1.5
-8.5,50.0,1.56
-8.25,50.0,1.62
-8.0,50.0,1.67
-6.0,50.0,1.98
-4.0,50.0,2.13
-2.0,50.0,2.14
0.0,50.0,2.03
2.0,50.0,1.8
4.0,50.0,1.46
6.0,50.0,1.01
8.0,50.0,0.48
10.0,50.0,0.13
12.0,50.0,0.82
12.0,55.0,1.16
10.0,55.0,0.4
8.0,55.0,0.28
6.0,55.0,0.87
4.0,55.0,1.37
2.0,55.0,1.75
0.0,55.0,2.02
-2.0,55.0,2.16
-4.0,55.0,2.16
-6.0,55.0,2.02
-8.0,55.0,1.71
-8.25,55.0,1.66
-8.5,55.0,1.59
-8.75,55.0,1.53
-9.0,55.0,1.47
-9.25,55.0,1.41
-9.5,55.0,1.34
-9.75,55.0,1.25
-10.0,55.0,1.16
-10.25,55.0,1.07
-10.5,55.0,0.99
-10.75,55.0,0.9
-11.0,55.0,0.77
-11.25,55.0,0.64
-11.25,60.0,0.6
-11.0,60.0,0.74
-10.75,60.0,0.87
-10.5,60.0,0.97
-10.25,60.0,1.06
-10.0,60.0,1.15
-9.75,60.0,1.25
-9.5,60.0,1.34
-9.25,60.0,1.41
-9.0,60.0,1.47
-8.75,60.0,1.54
-8.5,60.0,1.6
-8.25,60.0,1.67
-8.0,60.0,1.72
-6.0,60.0,2.05
-4.0,60.0,2.19
-2.0,60.0,2.17
0.0,60.0,2.02
2.0,60.0,1.72
4.0,60.0,1.29
6.0,60.0,0.75
8.0,60.0,0.1
10.0,60.0,-0.64
12.0,60.0,-1.48
12.0,65.0,-1.78
10.0,65.0,-0.87
8.0,65.0,-0.06
6.0,65.0,0.65
4.0,65.0,1.24
2.0,65.0,1.7
0.0,65.0,2.02
-2.0,65.0,2.19
-4.0,65.0,2.21
-6.0,65.0,2.07
-8.0,65.0,1.73
-8.25,65.0,1.67
-8.5,65.0,1.6
-8.75,65.0,1.53
-9.0,65.0,1.47
-9.25,65.0,1.4
-9.5,65.0,1.32
-9.75,65.0,1.22
-10.0,65.0,1.12
-10.25,65.0,1.02
-10.5,65.0,0.93
-10.75,65.0,0.83
-11.0,65.0,0.69
-11.25,65.0,0.53
