-11.5,0.0,-0.78
-11.25,0.0,-0.7
-11.0,0.0,-0.62
-10.75,0.0,-0.54
-10.5,0.0,-0.45
-10.25,0.0,-0.37
-10.0,0.0,-0.29
-9.75,0.0,-0.2
-9.5,0.0,-0.12
-9.25,0.0,-0.04
-9.0,0.0,0.04
-8.75,0.0,0.12
-8.5,0.0,0.2
-8.25,0.0,0.28
-8.0,0.0,0.35
-6.0,0.0,0.9
-4.0,0.0,1.38
-2.0,0.0,1.78
0.0,0.0,2.11
2.0,0.0,2.38
4.0,0.0,2.6
6.0,0.0,2.77
8.0,0.0,2.9
10.0,0.0,2.98
12.0,0.0,3.03
12.0,10.0,2.05
10.0,10.0,2.09
8.0,10.0,2.09
6.0,10.0,2.06
4.0,10.0,1.98
2.0,10.0,1.86
0.0,10.0,1.69
-2.0,10.0,1.47
-4.0,10.0,1.19
-6.0,10.0,0.84
-8.0,10.0,0.43
-8.25,10.0,0.37
-8.5,10.0,0.31
-8.75,10.0,0.25
-9.0,10.0,0.19
-9.25,10.0,0.13
-9.5,10.0,0.07
-9.75,10.0,0.01
-10.0,10.0,-0.06
-10.25,10.0,-0.12
-10.5,10.0,-0.18
-10.75,10.0,-0.24
-11.0,10.0,-0.3
-11.25,10.0,-0.36
-11.5,10.0,-0.42
-11.5,12.0,-0.4
-11.25,12.0,-0.35
-11.0,12.0,-0.29
-10.75,12.0,-0.24
-10.5,12.0,-0.18
-10.25,12.0,-0.12
-10.0,12.0,-0.06
-9.75,12.0,0.0
-9.5,12.0,0.06
-9.25,12.0,0.12
-9.0,12.0,0.17
-8.75,12.0,0.23
-8.5,12.0,0.28
-8.25,12.0,0.34
-8.0,12.0,0.4
-6.0,12.0,0.78
-4.0,12.0,1.11
-2.0,12.0,1.37
0.0,12.0,1.51
2.0,12.0,1.72
4.0,12.0,1.82
6.0,12.0,1.88
8.0,12.0,1.9
10.0,12.0,1.89
12.0,12.0,1.83
12.0,20.0,1.1
10.0,20.0,1.21
8.0,20.0,1.29
6.0,20.0,1.33
4.0,20.0,1.33
2.0,20.0,1.29
0.0,20.0,1.21
-2.0,20.0,1.09
-4.0,20.0,0.92
-6.0,20.0,0.68
-8.0,20.0,0.39
-8.25,20.0,0.35
-8.5,20.0,0.31
-8.75,20.0,0.27
-9.0,20.0,0.22
-9.25,20.0,0.18
-9.5,20.0,0.14
-9.75,20.0,0.09
-10.0,20.0,0.05
-10.25,20.0,0.0
-10.5,20.0,-0.04
-10.75,20.0,-0.08
-11.0,20.0,-0.12
-11.25,20.0,-0.16
-11.5,20.0,-0.19
-11.5,30.0,-0.08
-11.25,30.0,-0.06
-11.0,30.0,-0.05
-10.75,30.0,-0.03
-10.5,30.0,0.0
-10.25,30.0,0.03
-10.0,30.0,0.06
-9.75,30.0,0.08
-9.5,30.0,0.11
-9.25,30.0,0.14
-9.0,30.0,0.17
-8.75,30.0,0.2
-8.5,30.0,0.23
-8.25,30.0,0.26
-8.0,30.0,0.29
-6.0,30.0,0.48
-4.0,30.0,0.62
-2.0,30.0,0.71
0.0,30.0,0.75
2.0,30.0,0.74
4.0,30.0,0.7
6.0,30.0,0.63
8.0,30.0,0.51
10.0,30.0,0.37
12.0,30.0,0.18
12.0,40.0,-0.67
10.0,40.0,-0.42
8.0,40.0,-0.21
6.0,40.0,-0.04
4.0,40.0,0.1
2.0,40.0,0.21
0.0,40.0,0.27
-2.0,40.0,0.3
-4.0,40.0,0.28
-6.0,40.0,0.21
-8.0,40.0,0.09
-8.25,40.0,0.07
-8.5,40.0,0.05
-8.75,40.0,0.03
-9.0,40.0,0.01
-9.25,40.0,-0.01
-9.5,40.0,-0.03
-9.75,40.0,-0.05
-10.0,40.0,-0.06
-10.25,40.0,-0.08
-10.5,40.0,-0.1
-10.75,40.0,-0.11
-11.0,40.0,-0.12
-11.25,40.0,-0.12
-11.5,40.0,-0.12
-11.5,50.0,-0.26
-11.25,50.0,-0.28
-11.0,50.0,-0.29
-10.75,50.0,-0.3
-10.5,50.0,-0.3
-10.25,50.0,-0.29
-10.0,50.0,-0.28
-9.75,50.0,-0.27
-9.5,50.0,-0.26
-9.25,50.0,-0.25
-9.0,50.0,-0.24
-8.75,50.0,-0.23
-8.5,50.0,-0.22
-8.25,50.0,-0.21
-8.0,50.0,-0.19
-6.0,50.0,-0.13
-4.0,50.0,-0.11
-2.0,50.0,-0.14
0.0,50.0,-0.23
2.0,50.0,-0.35
4.0,50.0,-0.51
6.0,50.0,-0.7
8.0,50.0,-0.93
10.0,50.0,-1.2
12.0,50.0,-1.5
12.0,55.0,-1.91
10.0,55.0,-1.58
8.0,55.0,-1.29
6.0,55.0,-1.04
4.0,55.0,-0.82
2.0,55.0,-0.64
0.0,55.0,-0.5
-2.0,55.0,-0.39
-4.0,55.0,-0.33
-6.0,55.0,-0.33
-8.0,55.0,-0.37
-8.25,55.0,-0.38
-8.5,55.0,-0.39
-8.75,55.0,-0.39
-9.0,55.0,-0.4
-9.25,55.0,-0.41
-9.5,55.0,-0.42
-9.75,55.0,-0.42
-10.0,55.0,-0.43
-10.25,55.0,-0.43
-10.5,55.0,-0.43
-10.75,55.0,-0.42
-11.0,55.0,-0.41
-11.25,55.0,-0.39
-11.25,60.0,-0.54
-11.0,60.0,-0.56
-10.75,60.0,-0.58
-10.5,60.0,-0.6
-10.25,60.0,-0.6
-10.0,60.0,-0.6
-9.75,60.0,-0.6
-9.5,60.0,-0.59
-9.25,60.0,-0.59
-9.0,60.0,-0.59
-8.75,60.0,-0.58
-8.5,60.0,-0.58
-8.25,60.0,-0.57
-8.0,60.0,-0.56
-6.0,60.0,-0.55
-4.0,60.0,-0.56
-2.0,60.0,-0.64
0.0,60.0,-0.77
2.0,60.0,-0.93
4.0,60.0,-1.13
6.0,60.0,-1.36
8.0,60.0,-1.64
10.0,60.0,-1.95
12.0,60.0,-2.3
12.0,65.0,-2.68
10.0,65.0,-2.31
8.0,65.0,-1.98
6.0,65.0,-1.69
4.0,65.0,-1.44
2.0,65.0,-1.22
0.0,65.0,-1.04
-2.0,65.0,-0.9
-4.0,65.0,-0.81
-6.0,65.0,-0.78
-8.0,65.0,-0.78
-8.25,65.0,-0.79
-8.5,65.0,-0.79
-8.75,65.0,-0.8
-9.0,65.0,-0.8
-9.25,65.0,-0.8
-9.5,65.0,-0.8
-9.75,65.0,-0.8
-10.0,65.0,-0.8
-10.25,65.0,-0.8
-10.5,65.0,-0.79
-10.75,65.0,-0.77
-11.0,65.0,-0.74
-11.25,65.0,-0.71
